[gd_scene format=3 uid="uid://c5tiv4k631g10"]

[ext_resource type="PackedScene" uid="uid://c384qpi6htaus" path="res://Assets/Map/catferia/FBX/CAFETERIAchair.fbx" id="2_nuptb"]
[ext_resource type="PackedScene" uid="uid://cgclsb8hhmvuf" path="res://Assets/Map/catferia/FBX/CAFETERIAshowcasetable.fbx" id="3_222qy"]
[ext_resource type="PackedScene" uid="uid://b3tabqwyl6avx" path="res://Assets/Map/catferia/FBX/CAFETERIAtable.fbx" id="4_4kp0j"]
[ext_resource type="PackedScene" uid="uid://b61gjec4ywi3b" path="res://Assets/Map/catferia/FBX/CAFETERIApingpongtable.fbx" id="5_ijhgw"]
[ext_resource type="PackedScene" uid="uid://dvovdjof7vogn" path="res://Assets/Map/catferia/FBX/CAFETERIAonion.fbx" id="6_j8x7h"]
[ext_resource type="PackedScene" uid="uid://cwm5w7q6canhd" path="res://Assets/Map/catferia/FBX/CAFETERIAtomato.fbx" id="7_o6yc6"]
[ext_resource type="PackedScene" uid="uid://xeibdvimx83q" path="res://Assets/Map/catferia/FBX/CAFETERIAtraycafet.fbx" id="8_61af3"]
[ext_resource type="PackedScene" uid="uid://bl4015v6rr8vp" path="res://Assets/Map/catferia/FBX/CAFETERIAvendingmachine.fbx" id="9_ak1cr"]
[ext_resource type="PackedScene" uid="uid://bgqhekmognnt0" path="res://Assets/Map/catferia/FBX/CAFETERIAshowcasewood.fbx" id="10_melvn"]
[ext_resource type="PackedScene" uid="uid://c6die77hukeng" path="res://Assets/Map/catferia/FBX/CAFETERIAchair_001.fbx" id="11_iw60a"]
[ext_resource type="PackedScene" uid="uid://bdq34a3tnnu6r" path="res://Assets/Map/catferia/FBX/CAFETERIAcake.fbx" id="12_nuptb"]
[ext_resource type="PackedScene" uid="uid://da6rco4b7pqbu" path="res://Assets/Map/catferia/FBX/CAFETERIAcan_001.fbx" id="13_j8x7h"]
[ext_resource type="PackedScene" uid="uid://dsjrb5bg8rm0s" path="res://Assets/Map/catferia/FBX/CAFETERIAcan_002.fbx" id="14_o6yc6"]
[ext_resource type="PackedScene" uid="uid://c6jsicc385sj4" path="res://Assets/Map/catferia/FBX/CAFETERIAcan_003.fbx" id="15_61af3"]
[ext_resource type="PackedScene" uid="uid://brju8qhy52cdc" path="res://Assets/Map/catferia/FBX/CAFETERIAcarrot.fbx" id="16_ak1cr"]
[ext_resource type="Texture2D" uid="uid://ccwibgpm21lx7" path="res://Assets/Map/catferia/FBX/interior_tiles_disp_4k.png" id="17_61af3"]
[ext_resource type="PackedScene" uid="uid://vid413rwwakg" path="res://Assets/Map/catferia/FBX/CAFETERIAcoffemaker.fbx" id="17_o6yc6"]

[sub_resource type="StandardMaterial3D" id="StandardMaterial3D_ak1cr"]
albedo_texture = ExtResource("17_61af3")
uv1_scale = Vector3(19.32, 19.32, 19.32)

[sub_resource type="BoxMesh" id="BoxMesh_melvn"]
material = SubResource("StandardMaterial3D_ak1cr")
size = Vector3(18, 0.5, 32)

[node name="Node3D" type="Node3D" unique_id=848399862]

[node name="CAFETERIAchair" parent="." unique_id=814140031 instance=ExtResource("2_nuptb")]
transform = Transform3D(1, 0, 0, 0, 1, 0, 0, 0, 1, 1.4276125, 1, 1.0490968)

[node name="CAFETERIAchair2" parent="." unique_id=1307272626 instance=ExtResource("2_nuptb")]
transform = Transform3D(1, 0, 0, 0, 1, 0, 0, 0, 1, 0.37199378, 1, 1.0752914)

[node name="CAFETERIAchair3" parent="." unique_id=774101293 instance=ExtResource("2_nuptb")]
transform = Transform3D(-1, 0, -8.742278e-08, 0, 1, 0, 8.742278e-08, 0, -1, 0.37199378, 1, -0.8453326)

[node name="CAFETERIAchair4" parent="." unique_id=1996779398 instance=ExtResource("2_nuptb")]
transform = Transform3D(-1, 0, -8.742278e-08, 0, 1, 0, 8.742278e-08, 0, -1, 1.4276125, 1, -0.8715272)

[node name="CAFETERIAshowcasetable" parent="." unique_id=1261328695 instance=ExtResource("3_222qy")]
transform = Transform3D(1, 0, 0, 0, 1, 0, 0, 0, 1, -3.910254, 1.3248177, 6.7536206)

[node name="CAFETERIAshowcasetable2" parent="." unique_id=460792667 instance=ExtResource("3_222qy")]
transform = Transform3D(-4.371139e-08, 0, -1, 0, 1, 0, 1, 0, -4.371139e-08, -12.733089, 1.3248177, 7.096847)

[node name="CAFETERIAtable" parent="." unique_id=1312847477 instance=ExtResource("4_4kp0j")]
transform = Transform3D(1, 0, 0, 0, 1, 0, 0, 0, 1, 1.0168102, 1.4209666, 2.3841858e-07)

[node name="CAFETERIAtable2" parent="." unique_id=1546567724 instance=ExtResource("4_4kp0j")]
transform = Transform3D(1, 0, 0, 0, 1, 0, 0, 0, 1, 4.9142985, 1.4209666, 0)

[node name="CAFETERIAchair9" parent="." unique_id=1940081765 instance=ExtResource("2_nuptb")]
transform = Transform3D(1, 0, 0, 0, 1, 0, 0, 0, 1, 9.970788, 1, 1.0490965)

[node name="CAFETERIAchair10" parent="." unique_id=855111381 instance=ExtResource("2_nuptb")]
transform = Transform3D(1, 0, 0, 0, 1, 0, 0, 0, 1, 8.915169, 1, 1.0752912)

[node name="CAFETERIAchair11" parent="." unique_id=1428828151 instance=ExtResource("2_nuptb")]
transform = Transform3D(-1, 0, -8.742278e-08, 0, 1, 0, 8.742278e-08, 0, -1, 8.915169, 1, -0.84533286)

[node name="CAFETERIAchair12" parent="." unique_id=121001320 instance=ExtResource("2_nuptb")]
transform = Transform3D(-1, 0, -8.742278e-08, 0, 1, 0, 8.742278e-08, 0, -1, 9.970788, 1, -0.87152743)

[node name="CAFETERIAtable3" parent="." unique_id=711282310 instance=ExtResource("4_4kp0j")]
transform = Transform3D(1, 0, 0, 0, 1, 0, 0, 0, 1, 9.559986, 1.4209666, 0)

[node name="CAFETERIAchair13" parent="." unique_id=752648198 instance=ExtResource("2_nuptb")]
transform = Transform3D(1, 0, 0, 0, 1, 0, 0, 0, 1, 3.5488386, 1, 5.8120494)

[node name="CAFETERIAchair14" parent="." unique_id=373404145 instance=ExtResource("2_nuptb")]
transform = Transform3D(1, 0, 0, 0, 1, 0, 0, 0, 1, 2.4932194, 1, 5.838244)

[node name="CAFETERIAchair15" parent="." unique_id=1219971069 instance=ExtResource("2_nuptb")]
transform = Transform3D(-1, 0, -8.742278e-08, 0, 1, 0, 8.742278e-08, 0, -1, 2.4932194, 1, 3.91762)

[node name="CAFETERIAchair16" parent="." unique_id=1383711153 instance=ExtResource("2_nuptb")]
transform = Transform3D(-1, 0, -8.742278e-08, 0, 1, 0, 8.742278e-08, 0, -1, 3.5488386, 1, 3.8914254)

[node name="CAFETERIAtable4" parent="." unique_id=1279645931 instance=ExtResource("4_4kp0j")]
transform = Transform3D(1, 0, 0, 0, 1, 0, 0, 0, 1, 3.1380367, 1.4209666, 4.762953)

[node name="CAFETERIApingpongtable" parent="." unique_id=816761324 instance=ExtResource("5_ijhgw")]
transform = Transform3D(0.8960917, 0, -0.443869, 0, 1, 0, 0.443869, 0, 0.8960917, -9.987, 1.8856807, -4.057)

[node name="CAFETERIAonion" parent="." unique_id=480066659 instance=ExtResource("6_j8x7h")]
transform = Transform3D(1, 0, 0, 0, 1, 0, 0, 0, 1, -7.9051847, 2.5708165, 6.0981812)

[node name="CAFETERIAtomato" parent="." unique_id=651017842 instance=ExtResource("7_o6yc6")]
transform = Transform3D(1, 0, 0, 0, 1, 0, 0, 0, 1, -8.021158, 2.6292198, 6.109846)

[node name="CAFETERIAtomato73" parent="." unique_id=2070654905 instance=ExtResource("7_o6yc6")]
transform = Transform3D(1, 0, 0, 0, 1, 0, 0, 0, 1, -7.8197455, 2.6292198, 6.3014407)

[node name="CAFETERIAtomato72" parent="." unique_id=78280093 instance=ExtResource("7_o6yc6")]
transform = Transform3D(1, 0, 0, 0, 1, 0, 0, 0, 1, -8.021158, 2.6292198, 6.4720325)

[node name="CAFETERIAonion2" parent="." unique_id=1882463749 instance=ExtResource("6_j8x7h")]
transform = Transform3D(0.90545774, 0, 0.42443648, 0, 1, 0, -0.42443648, 0, 0.90545774, -7.5843716, 2.5708165, 6.2929544)

[node name="CAFETERIAtomato69" parent="." unique_id=1080054554 instance=ExtResource("7_o6yc6")]
transform = Transform3D(0.90545774, 0, 0.42443648, 0, 1, 0, -0.42443648, 0, 0.90545774, -7.6844296, 2.6292198, 6.35274)

[node name="CAFETERIAonion3" parent="." unique_id=1804124354 instance=ExtResource("6_j8x7h")]
transform = Transform3D(1, 0, 0, 0, 1, 0, 0, 0, 1, -8.022961, 2.5708165, 6.3211646)

[node name="CAFETERIAtomato70" parent="." unique_id=847885653 instance=ExtResource("7_o6yc6")]
transform = Transform3D(1, 0, 0, 0, 1, 0, 0, 0, 1, -8.138933, 2.6292198, 6.3328295)

[node name="CAFETERIAonion4" parent="." unique_id=919602589 instance=ExtResource("6_j8x7h")]
transform = Transform3D(0.90545774, 0, 0.42443648, 0, 1, 0, -0.42443648, 0, 0.90545774, -7.702147, 2.5708165, 6.515938)

[node name="CAFETERIAtomato71" parent="." unique_id=2094926101 instance=ExtResource("7_o6yc6")]
transform = Transform3D(0.90545774, 0, 0.42443648, 0, 1, 0, -0.42443648, 0, 0.90545774, -7.802205, 2.6292198, 6.575723)

[node name="CAFETERIAtomato2" parent="." unique_id=1346867295 instance=ExtResource("7_o6yc6")]
transform = Transform3D(1, 0, 0, 0, 1, 0, 0, 0, 1, 9.744621, 0.5121497, -5.361301)

[node name="CAFETERIAtomato5" parent="." unique_id=285994122 instance=ExtResource("7_o6yc6")]
transform = Transform3D(1, 0, 0, 0, 1, 0, 0, 0, 1, 9.610925, 0.5211773, -5.515185)

[node name="CAFETERIAtomato6" parent="." unique_id=535785291 instance=ExtResource("7_o6yc6")]
transform = Transform3D(1, 0, 0, 0, 1, 0, 0, 0, 1, 9.365567, 0.52468145, -5.796335)

[node name="CAFETERIAtomato7" parent="." unique_id=129792846 instance=ExtResource("7_o6yc6")]
transform = Transform3D(1, 0, 0, 0, 1, 0, 0, 0, 1, 9.488246, 0.5214125, -5.6548376)

[node name="CAFETERIAtomato8" parent="." unique_id=825693195 instance=ExtResource("7_o6yc6")]
transform = Transform3D(1, 0, 0, 0, 1, 0, 0, 0, 1, 9.203589, 0.51350987, -5.921108)

[node name="CAFETERIAtomato11" parent="." unique_id=1805506852 instance=ExtResource("7_o6yc6")]
transform = Transform3D(1, 0, 0, 0, 1, 0, 0, 0, 1, 9.102711, 0.47006094, -6.0707045)

[node name="CAFETERIAtomato9" parent="." unique_id=1348847422 instance=ExtResource("7_o6yc6")]
transform = Transform3D(1, 0, 0, 0, 1, 0, 0, 0, 1, 8.824535, 0.5260416, -6.356142)

[node name="CAFETERIAtomato10" parent="." unique_id=598737772 instance=ExtResource("7_o6yc6")]
transform = Transform3D(1, 0, 0, 0, 1, 0, 0, 0, 1, 8.947214, 0.52277267, -6.2146444)

[node name="CAFETERIAtomato4" parent="." unique_id=1247020837 instance=ExtResource("7_o6yc6")]
transform = Transform3D(1, 0, 0, 0, 1, 0, 0, 0, 1, 9.878317, 0.5119145, -5.2094126)

[node name="CAFETERIAtomato3" parent="." unique_id=121631667 instance=ExtResource("7_o6yc6")]
transform = Transform3D(1, 0, 0, 0, 1, 0, 0, 0, 1, 10.020062, 0.5165458, -5.0563893)

[node name="CAFETERIAtomato12" parent="." unique_id=687236917 instance=ExtResource("7_o6yc6")]
transform = Transform3D(1, 0, 0, 0, 1, 0, 0, 0, 1, 9.885408, 0.64370716, -5.473831)

[node name="CAFETERIAtomato13" parent="." unique_id=1437150669 instance=ExtResource("7_o6yc6")]
transform = Transform3D(1, 0, 0, 0, 1, 0, 0, 0, 1, 9.751712, 0.65273476, -5.627715)

[node name="CAFETERIAtomato14" parent="." unique_id=581871989 instance=ExtResource("7_o6yc6")]
transform = Transform3D(1, 0, 0, 0, 1, 0, 0, 0, 1, 9.506354, 0.6562389, -5.9088655)

[node name="CAFETERIAtomato15" parent="." unique_id=327839714 instance=ExtResource("7_o6yc6")]
transform = Transform3D(1, 0, 0, 0, 1, 0, 0, 0, 1, 9.629033, 0.65296996, -5.767368)

[node name="CAFETERIAtomato16" parent="." unique_id=1257436874 instance=ExtResource("7_o6yc6")]
transform = Transform3D(1, 0, 0, 0, 1, 0, 0, 0, 1, 9.344377, 0.64506733, -6.033638)

[node name="CAFETERIAtomato17" parent="." unique_id=1070160789 instance=ExtResource("7_o6yc6")]
transform = Transform3D(1, 0, 0, 0, 1, 0, 0, 0, 1, 9.243498, 0.6016184, -6.1832347)

[node name="CAFETERIAtomato18" parent="." unique_id=678828332 instance=ExtResource("7_o6yc6")]
transform = Transform3D(1, 0, 0, 0, 1, 0, 0, 0, 1, 8.9653225, 0.6575991, -6.4686723)

[node name="CAFETERIAtomato19" parent="." unique_id=1585347506 instance=ExtResource("7_o6yc6")]
transform = Transform3D(1, 0, 0, 0, 1, 0, 0, 0, 1, 9.088001, 0.65433013, -6.3271747)

[node name="CAFETERIAtomato20" parent="." unique_id=1825160258 instance=ExtResource("7_o6yc6")]
transform = Transform3D(1, 0, 0, 0, 1, 0, 0, 0, 1, 10.019104, 0.64347196, -5.321943)

[node name="CAFETERIAtomato21" parent="." unique_id=343632277 instance=ExtResource("7_o6yc6")]
transform = Transform3D(1, 0, 0, 0, 1, 0, 0, 0, 1, 10.16085, 0.64810324, -5.1689196)

[node name="CAFETERIAtomato22" parent="." unique_id=2095843463 instance=ExtResource("7_o6yc6")]
transform = Transform3D(0.9978015, -0.06626999, 0.0007206086, 0.066273905, 0.9977425, -0.010849282, 0, 0.010873187, 0.9999409, 9.93975, 0.74290764, -5.5964603)

[node name="CAFETERIAtomato23" parent="." unique_id=1319298907 instance=ExtResource("7_o6yc6")]
transform = Transform3D(0.9978015, -0.06626999, 0.0007206086, 0.066273905, 0.9977425, -0.010849282, 0, 0.010873187, 0.9999409, 9.805637, 0.7447238, -5.750237)

[node name="CAFETERIAtomato24" parent="." unique_id=528280380 instance=ExtResource("7_o6yc6")]
transform = Transform3D(0.9978015, -0.06626999, 0.0007206086, 0.066273905, 0.9977425, -0.010849282, 0, 0.010873187, 0.9999409, 9.560385, 0.73500955, -6.0313325)

[node name="CAFETERIAtomato25" parent="." unique_id=783714513 instance=ExtResource("7_o6yc6")]
transform = Transform3D(0.9978015, -0.06626999, 0.0007206086, 0.066273905, 0.9977425, -0.010849282, 0, 0.010873187, 0.9999409, 9.683112, 0.73834324, -5.8898787)

[node name="CAFETERIAtomato26" parent="." unique_id=374951681 instance=ExtResource("7_o6yc6")]
transform = Transform3D(0.9978015, -0.06626999, 0.0007206086, 0.066273905, 0.9977425, -0.010849282, 0, 0.010873187, 0.9999409, 9.399413, 0.71448195, -6.156219)

[node name="CAFETERIAtomato27" parent="." unique_id=647281887 instance=ExtResource("7_o6yc6")]
transform = Transform3D(0.9978015, -0.06626999, 0.0007206086, 0.066273905, 0.9977425, -0.010849282, 0, 0.010873187, 0.9999409, 9.301528, 0.66606855, -6.306279)

[node name="CAFETERIAtomato28" parent="." unique_id=1748044166 instance=ExtResource("7_o6yc6")]
transform = Transform3D(0.9978015, -0.06626999, 0.0007206086, 0.066273905, 0.9977425, -0.010849282, 0, 0.010873187, 0.9999409, 9.020049, 0.70658386, -6.5910916)

[node name="CAFETERIAtomato29" parent="." unique_id=809898893 instance=ExtResource("7_o6yc6")]
transform = Transform3D(0.9978015, -0.06626999, 0.0007206086, 0.066273905, 0.9977425, -0.010849282, 0, 0.010873187, 0.9999409, 9.1427765, 0.70991755, -6.449638)

[node name="CAFETERIAtomato30" parent="." unique_id=425742945 instance=ExtResource("7_o6yc6")]
transform = Transform3D(0.9978015, -0.06626999, 0.0007206086, 0.066273905, 0.9977425, -0.010849282, 0, 0.010873187, 0.9999409, 10.073276, 0.7498857, -5.4445834)

[node name="CAFETERIAtomato31" parent="." unique_id=260288438 instance=ExtResource("7_o6yc6")]
transform = Transform3D(0.9978015, -0.06626999, 0.0007206086, 0.066273905, 0.9977425, -0.010849282, 0, 0.010873187, 0.9999409, 10.214513, 0.76224035, -5.2915187)

[node name="CAFETERIAtomato32" parent="." unique_id=186076540 instance=ExtResource("7_o6yc6")]
transform = Transform3D(0.9978015, -0.06626999, 0.0007206086, 0.066273905, 0.9977425, -0.010849282, 0, 0.010873187, 0.9999409, 10.071427, 0.8847195, -5.7075534)

[node name="CAFETERIAtomato33" parent="." unique_id=1911867621 instance=ExtResource("7_o6yc6")]
transform = Transform3D(0.9978015, -0.06626999, 0.0007206086, 0.066273905, 0.9977425, -0.010849282, 0, 0.010873187, 0.9999409, 9.937316, 0.8865357, -5.86133)

[node name="CAFETERIAtomato34" parent="." unique_id=365255349 instance=ExtResource("7_o6yc6")]
transform = Transform3D(0.9978015, -0.06626999, 0.0007206086, 0.066273905, 0.9977425, -0.010849282, 0, 0.010873187, 0.9999409, 9.692062, 0.8768214, -6.1424255)

[node name="CAFETERIAtomato35" parent="." unique_id=1855373007 instance=ExtResource("7_o6yc6")]
transform = Transform3D(0.9978015, -0.06626999, 0.0007206086, 0.066273905, 0.9977425, -0.010849282, 0, 0.010873187, 0.9999409, 9.814791, 0.8801551, -6.000972)

[node name="CAFETERIAtomato36" parent="." unique_id=1318808016 instance=ExtResource("7_o6yc6")]
transform = Transform3D(0.9978015, -0.06626999, 0.0007206086, 0.066273905, 0.9977425, -0.010849282, 0, 0.010873187, 0.9999409, 9.531092, 0.85629386, -6.267312)

[node name="CAFETERIAtomato37" parent="." unique_id=1286778753 instance=ExtResource("7_o6yc6")]
transform = Transform3D(0.9978015, -0.06626999, 0.0007206086, 0.066273905, 0.9977425, -0.010849282, 0, 0.010873187, 0.9999409, 9.433207, 0.80788034, -6.4173727)

[node name="CAFETERIAtomato38" parent="." unique_id=603438729 instance=ExtResource("7_o6yc6")]
transform = Transform3D(0.9978015, -0.06626999, 0.0007206086, 0.066273905, 0.9977425, -0.010849282, 0, 0.010873187, 0.9999409, 9.221781, 0.79722595, -6.556354)

[node name="CAFETERIAtomato39" parent="." unique_id=1021166853 instance=ExtResource("7_o6yc6")]
transform = Transform3D(0.9978015, -0.06626999, 0.0007206086, 0.066273905, 0.9977425, -0.010849282, 0, 0.010873187, 0.9999409, 10.204954, 0.89169747, -5.5556765)

[node name="CAFETERIAtomato41" parent="." unique_id=1997250648 instance=ExtResource("7_o6yc6")]
transform = Transform3D(1, 0, 0, 0, 1, 0, 0, 0, 1, 9.144138, 0.7575038, -6.7222414)

[node name="CAFETERIAtomato42" parent="." unique_id=2120479452 instance=ExtResource("7_o6yc6")]
transform = Transform3D(1, 0, 0, 0, 1, 0, 0, 0, 1, 10.4531975, 0.9675924, -5.483002)

[node name="CAFETERIAtomato43" parent="." unique_id=271985987 instance=ExtResource("7_o6yc6")]
transform = Transform3D(1, 0, 0, 0, 1, 0, 0, 0, 1, 9.665729, 0.9855, -6.1905413)

[node name="CAFETERIAtomato44" parent="." unique_id=823958945 instance=ExtResource("7_o6yc6")]
transform = Transform3D(1, 0, 0, 0, 1, 0, 0, 0, 1, 9.788407, 0.982231, -6.0490437)

[node name="CAFETERIAtomato45" parent="." unique_id=44716141 instance=ExtResource("7_o6yc6")]
transform = Transform3D(1, 0, 0, 0, 1, 0, 0, 0, 1, 9.503751, 0.9743284, -6.315314)

[node name="CAFETERIAtomato46" parent="." unique_id=1063269759 instance=ExtResource("7_o6yc6")]
transform = Transform3D(1, 0, 0, 0, 1, 0, 0, 0, 1, 9.340751, 0.8661195, -6.513016)

[node name="CAFETERIAtomato47" parent="." unique_id=1466413872 instance=ExtResource("7_o6yc6")]
transform = Transform3D(0.86889946, -0.49498862, 0, 0.49498862, 0.86889946, 0, 0, 0, 1, 9.763904, 1.1431645, -6.291191)

[node name="CAFETERIAtomato48" parent="." unique_id=1750498353 instance=ExtResource("7_o6yc6")]
transform = Transform3D(0.86889946, -0.49498862, 0, 0.49498862, 0.86889946, 0, 0, 0, 1, 9.643267, 1.0848303, -6.445075)

[node name="CAFETERIAtomato49" parent="." unique_id=1323954730 instance=ExtResource("7_o6yc6")]
transform = Transform3D(0.86889946, -0.49498862, 0, 0.49498862, 0.86889946, 0, 0, 0, 1, 9.359498, 0.89987874, -6.662455)

[node name="CAFETERIAtomato50" parent="." unique_id=543455464 instance=ExtResource("7_o6yc6")]
transform = Transform3D(0.86889946, -0.49498862, 0, 0.49498862, 0.86889946, 0, 0, 0, 1, 9.445446, 0.93485516, -6.5810723)

[node name="CAFETERIAtomato51" parent="." unique_id=1586187895 instance=ExtResource("7_o6yc6")]
transform = Transform3D(1, 0, 0, 0, 1, 0, 0, 0, 1, 9.644538, 1.1058859, -6.427844)

[node name="CAFETERIAtomato52" parent="." unique_id=1052106041 instance=ExtResource("7_o6yc6")]
transform = Transform3D(1, 0, 0, 0, 1, 0, 0, 0, 1, 9.425525, 0.92056525, -6.4546614)

[node name="CAFETERIAtomato53" parent="." unique_id=1389344125 instance=ExtResource("7_o6yc6")]
transform = Transform3D(1, 0, 0, 0, 1, 0, 0, 0, 1, 10.319265, 1.1042905, -5.716149)

[node name="CAFETERIAtomato54" parent="." unique_id=1829453694 instance=ExtResource("7_o6yc6")]
transform = Transform3D(0.9978015, -0.06626999, 0.0007206086, 0.066273905, 0.9977425, -0.010849282, 0, 0.010873187, 0.9999409, 10.239911, 1.2037262, -5.9906664)

[node name="CAFETERIAtomato55" parent="." unique_id=1688980803 instance=ExtResource("7_o6yc6")]
transform = Transform3D(0.9978015, -0.06626999, 0.0007206086, 0.066273905, 0.9977425, -0.010849282, 0, 0.010873187, 0.9999409, 10.105799, 1.2055423, -6.144443)

[node name="CAFETERIAtomato56" parent="." unique_id=1773109071 instance=ExtResource("7_o6yc6")]
transform = Transform3D(0.8074317, -0.5610638, -0.18237662, 0.5296566, 0.8255459, -0.19477601, 0.25984207, 0.06067136, 0.9637431, 9.233988, 0.8655395, -6.691043)

[node name="CAFETERIAtomato57" parent="." unique_id=963081231 instance=ExtResource("7_o6yc6")]
transform = Transform3D(0.9978015, -0.06626999, 0.0007206086, 0.066273905, 0.9977425, -0.010849282, 0, 0.010873187, 0.9999409, 9.9832735, 1.1991618, -6.284085)

[node name="CAFETERIAtomato58" parent="." unique_id=91907247 instance=ExtResource("7_o6yc6")]
transform = Transform3D(0.83418435, -0.5514531, 0.005996408, 0.5514858, 0.834135, -0.009070243, 0, 0.010873187, 0.9999409, 9.30659, 0.9640985, -6.973579)

[node name="CAFETERIAtomato59" parent="." unique_id=784089850 instance=ExtResource("7_o6yc6")]
transform = Transform3D(0.9978015, -0.06626999, 0.0007206086, 0.066273905, 0.9977425, -0.010849282, 0, 0.010873187, 0.9999409, 9.090655, 0.91661155, -6.6683187)

[node name="CAFETERIAtomato60" parent="." unique_id=65127391 instance=ExtResource("7_o6yc6")]
transform = Transform3D(0.9978015, -0.06626999, 0.0007206086, 0.066273905, 0.9977425, -0.010849282, 0, 0.010873187, 0.9999409, 10.373437, 1.2107042, -5.8387895)

[node name="CAFETERIAtomato61" parent="." unique_id=1540237561 instance=ExtResource("7_o6yc6")]
transform = Transform3D(0.9978015, -0.06626999, 0.0007206086, 0.066273905, 0.9977425, -0.010849282, 0, 0.010873187, 0.9999409, 10.514674, 1.2230589, -5.6857247)

[node name="CAFETERIAtomato62" parent="." unique_id=1437976178 instance=ExtResource("7_o6yc6")]
transform = Transform3D(0.9978015, -0.06626999, 0.0007206086, 0.066273905, 0.9977425, -0.010849282, 0, 0.010873187, 0.9999409, 10.371589, 1.345538, -6.1017594)

[node name="CAFETERIAtomato63" parent="." unique_id=137218587 instance=ExtResource("7_o6yc6")]
transform = Transform3D(0.9978015, -0.06626999, 0.0007206086, 0.066273905, 0.9977425, -0.010849282, 0, 0.010873187, 0.9999409, 10.237477, 1.3473542, -6.255536)

[node name="CAFETERIAtomato64" parent="." unique_id=1803939919 instance=ExtResource("7_o6yc6")]
transform = Transform3D(0.9978015, -0.06626999, 0.0007206086, 0.066273905, 0.9977425, -0.010849282, 0, 0.010873187, 0.9999409, 9.992224, 1.3376399, -6.5366316)

[node name="CAFETERIAtomato65" parent="." unique_id=392119544 instance=ExtResource("7_o6yc6")]
transform = Transform3D(0.9978015, -0.06626999, 0.0007206086, 0.066273905, 0.9977425, -0.010849282, 0, 0.010873187, 0.9999409, 10.114952, 1.3409736, -6.395178)

[node name="CAFETERIAtomato66" parent="." unique_id=1069817699 instance=ExtResource("7_o6yc6")]
transform = Transform3D(0.9978015, -0.06626999, 0.0007206086, 0.066273905, 0.9977425, -0.010849282, 0, 0.010873187, 0.9999409, 9.831253, 1.3171124, -6.661518)

[node name="CAFETERIAtomato67" parent="." unique_id=650123758 instance=ExtResource("7_o6yc6")]
transform = Transform3D(0.9978015, -0.06626999, 0.0007206086, 0.066273905, 0.9977425, -0.010849282, 0, 0.010873187, 0.9999409, 9.733368, 1.2686989, -6.8115788)

[node name="CAFETERIAtomato68" parent="." unique_id=296716467 instance=ExtResource("7_o6yc6")]
transform = Transform3D(0.9978015, -0.06626999, 0.0007206086, 0.066273905, 0.9977425, -0.010849282, 0, 0.010873187, 0.9999409, 10.5051155, 1.3525159, -5.9498825)

[node name="CAFETERIAtomato40" parent="." unique_id=1167999607 instance=ExtResource("7_o6yc6")]
transform = Transform3D(0.9978015, -0.06626999, 0.0007206086, 0.066273905, 0.9977425, -0.010849282, 0, 0.010873187, 0.9999409, 10.346191, 0.90405214, -5.4026117)

[node name="CAFETERIAtomato74" parent="." unique_id=1420808305 instance=ExtResource("7_o6yc6")]
transform = Transform3D(1, 0, 0, 0, 1, 0, 0, 0, 1, 11.324288, 0.5121497, -3.6528277)

[node name="CAFETERIAtomato75" parent="." unique_id=1550988053 instance=ExtResource("7_o6yc6")]
transform = Transform3D(1, 0, 0, 0, 1, 0, 0, 0, 1, 11.190592, 0.5211773, -3.8067117)

[node name="CAFETERIAtomato76" parent="." unique_id=1831347058 instance=ExtResource("7_o6yc6")]
transform = Transform3D(1, 0, 0, 0, 1, 0, 0, 0, 1, 10.945234, 0.52468145, -4.087862)

[node name="CAFETERIAtomato77" parent="." unique_id=209198066 instance=ExtResource("7_o6yc6")]
transform = Transform3D(1, 0, 0, 0, 1, 0, 0, 0, 1, 11.067913, 0.5214125, -3.9463644)

[node name="CAFETERIAtomato78" parent="." unique_id=2072237002 instance=ExtResource("7_o6yc6")]
transform = Transform3D(1, 0, 0, 0, 1, 0, 0, 0, 1, 10.783257, 0.51350987, -4.2126346)

[node name="CAFETERIAtomato79" parent="." unique_id=60571412 instance=ExtResource("7_o6yc6")]
transform = Transform3D(1, 0, 0, 0, 1, 0, 0, 0, 1, 10.682378, 0.47006094, -4.3622313)

[node name="CAFETERIAtomato80" parent="." unique_id=1964248190 instance=ExtResource("7_o6yc6")]
transform = Transform3D(1, 0, 0, 0, 1, 0, 0, 0, 1, 10.404202, 0.5260416, -4.647669)

[node name="CAFETERIAtomato81" parent="." unique_id=1567138005 instance=ExtResource("7_o6yc6")]
transform = Transform3D(1, 0, 0, 0, 1, 0, 0, 0, 1, 10.526881, 0.52277267, -4.506171)

[node name="CAFETERIAtomato82" parent="." unique_id=799254888 instance=ExtResource("7_o6yc6")]
transform = Transform3D(1, 0, 0, 0, 1, 0, 0, 0, 1, 11.457984, 0.5119145, -3.5009394)

[node name="CAFETERIAtomato83" parent="." unique_id=336962252 instance=ExtResource("7_o6yc6")]
transform = Transform3D(1, 0, 0, 0, 1, 0, 0, 0, 1, 11.59973, 0.5165458, -3.3479161)

[node name="CAFETERIAtomato84" parent="." unique_id=771775197 instance=ExtResource("7_o6yc6")]
transform = Transform3D(1, 0, 0, 0, 1, 0, 0, 0, 1, 11.4650755, 0.64370716, -3.765358)

[node name="CAFETERIAtomato85" parent="." unique_id=735653432 instance=ExtResource("7_o6yc6")]
transform = Transform3D(1, 0, 0, 0, 1, 0, 0, 0, 1, 11.331379, 0.65273476, -3.919242)

[node name="CAFETERIAtomato86" parent="." unique_id=1287805932 instance=ExtResource("7_o6yc6")]
transform = Transform3D(1, 0, 0, 0, 1, 0, 0, 0, 1, 11.086021, 0.6562389, -4.2003922)

[node name="CAFETERIAtomato87" parent="." unique_id=669084122 instance=ExtResource("7_o6yc6")]
transform = Transform3D(1, 0, 0, 0, 1, 0, 0, 0, 1, 11.2087, 0.65296996, -4.0588946)

[node name="CAFETERIAtomato88" parent="." unique_id=154936907 instance=ExtResource("7_o6yc6")]
transform = Transform3D(1, 0, 0, 0, 1, 0, 0, 0, 1, 10.924044, 0.64506733, -4.325165)

[node name="CAFETERIAtomato89" parent="." unique_id=1549823851 instance=ExtResource("7_o6yc6")]
transform = Transform3D(1, 0, 0, 0, 1, 0, 0, 0, 1, 10.823165, 0.6016184, -4.4747615)

[node name="CAFETERIAtomato90" parent="." unique_id=706227457 instance=ExtResource("7_o6yc6")]
transform = Transform3D(1, 0, 0, 0, 1, 0, 0, 0, 1, 10.54499, 0.6575991, -4.760199)

[node name="CAFETERIAtomato91" parent="." unique_id=670354542 instance=ExtResource("7_o6yc6")]
transform = Transform3D(1, 0, 0, 0, 1, 0, 0, 0, 1, 10.667668, 0.65433013, -4.6187015)

[node name="CAFETERIAtomato92" parent="." unique_id=1789219787 instance=ExtResource("7_o6yc6")]
transform = Transform3D(1, 0, 0, 0, 1, 0, 0, 0, 1, 11.598771, 0.64347196, -3.6134696)

[node name="CAFETERIAtomato93" parent="." unique_id=385278029 instance=ExtResource("7_o6yc6")]
transform = Transform3D(1, 0, 0, 0, 1, 0, 0, 0, 1, 11.740517, 0.64810324, -3.4604464)

[node name="CAFETERIAtomato94" parent="." unique_id=1028108914 instance=ExtResource("7_o6yc6")]
transform = Transform3D(0.9978015, -0.06626999, 0.0007206086, 0.066273905, 0.9977425, -0.010849282, 0, 0.010873187, 0.9999409, 11.519417, 0.74290764, -3.8879871)

[node name="CAFETERIAtomato95" parent="." unique_id=1701191083 instance=ExtResource("7_o6yc6")]
transform = Transform3D(0.9978015, -0.06626999, 0.0007206086, 0.066273905, 0.9977425, -0.010849282, 0, 0.010873187, 0.9999409, 11.385304, 0.7447238, -4.041764)

[node name="CAFETERIAtomato96" parent="." unique_id=634564111 instance=ExtResource("7_o6yc6")]
transform = Transform3D(0.9978015, -0.06626999, 0.0007206086, 0.066273905, 0.9977425, -0.010849282, 0, 0.010873187, 0.9999409, 11.140052, 0.73500955, -4.3228593)

[node name="CAFETERIAtomato97" parent="." unique_id=940706092 instance=ExtResource("7_o6yc6")]
transform = Transform3D(0.9978015, -0.06626999, 0.0007206086, 0.066273905, 0.9977425, -0.010849282, 0, 0.010873187, 0.9999409, 11.262779, 0.73834324, -4.1814055)

[node name="CAFETERIAtomato98" parent="." unique_id=1972491130 instance=ExtResource("7_o6yc6")]
transform = Transform3D(0.9978015, -0.06626999, 0.0007206086, 0.066273905, 0.9977425, -0.010849282, 0, 0.010873187, 0.9999409, 10.97908, 0.71448195, -4.447746)

[node name="CAFETERIAtomato99" parent="." unique_id=6386296 instance=ExtResource("7_o6yc6")]
transform = Transform3D(0.9978015, -0.06626999, 0.0007206086, 0.066273905, 0.9977425, -0.010849282, 0, 0.010873187, 0.9999409, 10.881195, 0.66606855, -4.597806)

[node name="CAFETERIAtomato100" parent="." unique_id=1806015926 instance=ExtResource("7_o6yc6")]
transform = Transform3D(0.9978015, -0.06626999, 0.0007206086, 0.066273905, 0.9977425, -0.010849282, 0, 0.010873187, 0.9999409, 10.599716, 0.70658386, -4.8826184)

[node name="CAFETERIAtomato101" parent="." unique_id=238531007 instance=ExtResource("7_o6yc6")]
transform = Transform3D(0.9978015, -0.06626999, 0.0007206086, 0.066273905, 0.9977425, -0.010849282, 0, 0.010873187, 0.9999409, 10.722444, 0.70991755, -4.7411647)

[node name="CAFETERIAtomato102" parent="." unique_id=996931875 instance=ExtResource("7_o6yc6")]
transform = Transform3D(0.9978015, -0.06626999, 0.0007206086, 0.066273905, 0.9977425, -0.010849282, 0, 0.010873187, 0.9999409, 11.652943, 0.7498857, -3.7361102)

[node name="CAFETERIAtomato103" parent="." unique_id=579448531 instance=ExtResource("7_o6yc6")]
transform = Transform3D(0.9978015, -0.06626999, 0.0007206086, 0.066273905, 0.9977425, -0.010849282, 0, 0.010873187, 0.9999409, 11.79418, 0.76224035, -3.5830455)

[node name="CAFETERIAtomato104" parent="." unique_id=629672029 instance=ExtResource("7_o6yc6")]
transform = Transform3D(0.9978015, -0.06626999, 0.0007206086, 0.066273905, 0.9977425, -0.010849282, 0, 0.010873187, 0.9999409, 11.651094, 0.8847195, -3.9990802)

[node name="CAFETERIAtomato105" parent="." unique_id=654253774 instance=ExtResource("7_o6yc6")]
transform = Transform3D(0.9978015, -0.06626999, 0.0007206086, 0.066273905, 0.9977425, -0.010849282, 0, 0.010873187, 0.9999409, 11.516983, 0.8865357, -4.152857)

[node name="CAFETERIAtomato106" parent="." unique_id=952405119 instance=ExtResource("7_o6yc6")]
transform = Transform3D(0.9978015, -0.06626999, 0.0007206086, 0.066273905, 0.9977425, -0.010849282, 0, 0.010873187, 0.9999409, 11.271729, 0.8768214, -4.4339523)

[node name="CAFETERIAtomato107" parent="." unique_id=1208676180 instance=ExtResource("7_o6yc6")]
transform = Transform3D(0.9978015, -0.06626999, 0.0007206086, 0.066273905, 0.9977425, -0.010849282, 0, 0.010873187, 0.9999409, 11.394458, 0.8801551, -4.2924986)

[node name="CAFETERIAtomato108" parent="." unique_id=1186395082 instance=ExtResource("7_o6yc6")]
transform = Transform3D(0.9978015, -0.06626999, 0.0007206086, 0.066273905, 0.9977425, -0.010849282, 0, 0.010873187, 0.9999409, 11.110759, 0.85629386, -4.558839)

[node name="CAFETERIAtomato109" parent="." unique_id=2056915573 instance=ExtResource("7_o6yc6")]
transform = Transform3D(0.9978015, -0.06626999, 0.0007206086, 0.066273905, 0.9977425, -0.010849282, 0, 0.010873187, 0.9999409, 11.012874, 0.80788034, -4.7088995)

[node name="CAFETERIAtomato110" parent="." unique_id=661751052 instance=ExtResource("7_o6yc6")]
transform = Transform3D(0.9978015, -0.06626999, 0.0007206086, 0.066273905, 0.9977425, -0.010849282, 0, 0.010873187, 0.9999409, 10.801448, 0.79722595, -4.847881)

[node name="CAFETERIAtomato111" parent="." unique_id=1098304637 instance=ExtResource("7_o6yc6")]
transform = Transform3D(0.9978015, -0.06626999, 0.0007206086, 0.066273905, 0.9977425, -0.010849282, 0, 0.010873187, 0.9999409, 11.784621, 0.89169747, -3.8472033)

[node name="CAFETERIAtomato112" parent="." unique_id=1323911892 instance=ExtResource("7_o6yc6")]
transform = Transform3D(1, 0, 0, 0, 1, 0, 0, 0, 1, 10.723805, 0.7575038, -5.013768)

[node name="CAFETERIAtomato113" parent="." unique_id=211437378 instance=ExtResource("7_o6yc6")]
transform = Transform3D(1, 0, 0, 0, 1, 0, 0, 0, 1, 12.032865, 0.9675924, -3.774529)

[node name="CAFETERIAtomato114" parent="." unique_id=1414556033 instance=ExtResource("7_o6yc6")]
transform = Transform3D(1, 0, 0, 0, 1, 0, 0, 0, 1, 11.245396, 0.9855, -4.482068)

[node name="CAFETERIAtomato115" parent="." unique_id=188275448 instance=ExtResource("7_o6yc6")]
transform = Transform3D(1, 0, 0, 0, 1, 0, 0, 0, 1, 11.368074, 0.982231, -4.3405704)

[node name="CAFETERIAtomato116" parent="." unique_id=1708478869 instance=ExtResource("7_o6yc6")]
transform = Transform3D(1, 0, 0, 0, 1, 0, 0, 0, 1, 11.083418, 0.9743284, -4.6068406)

[node name="CAFETERIAtomato117" parent="." unique_id=1880601978 instance=ExtResource("7_o6yc6")]
transform = Transform3D(1, 0, 0, 0, 1, 0, 0, 0, 1, 10.920418, 0.8661195, -4.804543)

[node name="CAFETERIAtomato118" parent="." unique_id=770643929 instance=ExtResource("7_o6yc6")]
transform = Transform3D(0.86889946, -0.49498862, 0, 0.49498862, 0.86889946, 0, 0, 0, 1, 11.343571, 1.1431645, -4.582718)

[node name="CAFETERIAtomato119" parent="." unique_id=1190475162 instance=ExtResource("7_o6yc6")]
transform = Transform3D(0.86889946, -0.49498862, 0, 0.49498862, 0.86889946, 0, 0, 0, 1, 11.222934, 1.0848303, -4.736602)

[node name="CAFETERIAtomato120" parent="." unique_id=649325775 instance=ExtResource("7_o6yc6")]
transform = Transform3D(0.86889946, -0.49498862, 0, 0.49498862, 0.86889946, 0, 0, 0, 1, 10.939165, 0.89987874, -4.953982)

[node name="CAFETERIAtomato121" parent="." unique_id=1642292024 instance=ExtResource("7_o6yc6")]
transform = Transform3D(0.86889946, -0.49498862, 0, 0.49498862, 0.86889946, 0, 0, 0, 1, 11.025113, 0.93485516, -4.872599)

[node name="CAFETERIAtomato122" parent="." unique_id=501309779 instance=ExtResource("7_o6yc6")]
transform = Transform3D(1, 0, 0, 0, 1, 0, 0, 0, 1, 11.224205, 1.1058859, -4.719371)

[node name="CAFETERIAtomato123" parent="." unique_id=602932810 instance=ExtResource("7_o6yc6")]
transform = Transform3D(1, 0, 0, 0, 1, 0, 0, 0, 1, 11.005192, 0.92056525, -4.746188)

[node name="CAFETERIAtomato124" parent="." unique_id=1417673112 instance=ExtResource("7_o6yc6")]
transform = Transform3D(1, 0, 0, 0, 1, 0, 0, 0, 1, 11.898932, 1.1042905, -4.0076756)

[node name="CAFETERIAtomato125" parent="." unique_id=1564641974 instance=ExtResource("7_o6yc6")]
transform = Transform3D(0.9978015, -0.06626999, 0.0007206086, 0.066273905, 0.9977425, -0.010849282, 0, 0.010873187, 0.9999409, 11.819578, 1.2037262, -4.282193)

[node name="CAFETERIAtomato126" parent="." unique_id=1138502179 instance=ExtResource("7_o6yc6")]
transform = Transform3D(0.9978015, -0.06626999, 0.0007206086, 0.066273905, 0.9977425, -0.010849282, 0, 0.010873187, 0.9999409, 11.685466, 1.2055423, -4.43597)

[node name="CAFETERIAtomato127" parent="." unique_id=917300221 instance=ExtResource("7_o6yc6")]
transform = Transform3D(0.8074317, -0.5610638, -0.18237662, 0.5296566, 0.8255459, -0.19477601, 0.25984207, 0.06067136, 0.9637431, 10.813655, 0.8655395, -4.9825697)

[node name="CAFETERIAtomato128" parent="." unique_id=1262763668 instance=ExtResource("7_o6yc6")]
transform = Transform3D(0.9978015, -0.06626999, 0.0007206086, 0.066273905, 0.9977425, -0.010849282, 0, 0.010873187, 0.9999409, 11.562941, 1.1991618, -4.5756116)

[node name="CAFETERIAtomato129" parent="." unique_id=540659937 instance=ExtResource("7_o6yc6")]
transform = Transform3D(0.83418435, -0.5514531, 0.005996408, 0.5514858, 0.834135, -0.009070243, 0, 0.010873187, 0.9999409, 10.886257, 0.9640985, -5.2651057)

[node name="CAFETERIAtomato130" parent="." unique_id=524693435 instance=ExtResource("7_o6yc6")]
transform = Transform3D(0.9978015, -0.06626999, 0.0007206086, 0.066273905, 0.9977425, -0.010849282, 0, 0.010873187, 0.9999409, 10.670322, 0.91661155, -4.9598455)

[node name="CAFETERIAtomato131" parent="." unique_id=1015654189 instance=ExtResource("7_o6yc6")]
transform = Transform3D(0.9978015, -0.06626999, 0.0007206086, 0.066273905, 0.9977425, -0.010849282, 0, 0.010873187, 0.9999409, 11.953104, 1.2107042, -4.1303163)

[node name="CAFETERIAtomato132" parent="." unique_id=2129180419 instance=ExtResource("7_o6yc6")]
transform = Transform3D(0.9978015, -0.06626999, 0.0007206086, 0.066273905, 0.9977425, -0.010849282, 0, 0.010873187, 0.9999409, 12.094341, 1.2230589, -3.9772515)

[node name="CAFETERIAtomato133" parent="." unique_id=1833888978 instance=ExtResource("7_o6yc6")]
transform = Transform3D(0.9978015, -0.06626999, 0.0007206086, 0.066273905, 0.9977425, -0.010849282, 0, 0.010873187, 0.9999409, 11.951256, 1.345538, -4.393286)

[node name="CAFETERIAtomato134" parent="." unique_id=995103365 instance=ExtResource("7_o6yc6")]
transform = Transform3D(0.9978015, -0.06626999, 0.0007206086, 0.066273905, 0.9977425, -0.010849282, 0, 0.010873187, 0.9999409, 11.817144, 1.3473542, -4.547063)

[node name="CAFETERIAtomato135" parent="." unique_id=475628454 instance=ExtResource("7_o6yc6")]
transform = Transform3D(0.9978015, -0.06626999, 0.0007206086, 0.066273905, 0.9977425, -0.010849282, 0, 0.010873187, 0.9999409, 11.571891, 1.3376399, -4.8281584)

[node name="CAFETERIAtomato136" parent="." unique_id=1740911919 instance=ExtResource("7_o6yc6")]
transform = Transform3D(0.9978015, -0.06626999, 0.0007206086, 0.066273905, 0.9977425, -0.010849282, 0, 0.010873187, 0.9999409, 11.694619, 1.3409736, -4.6867046)

[node name="CAFETERIAtomato137" parent="." unique_id=740803896 instance=ExtResource("7_o6yc6")]
transform = Transform3D(0.9978015, -0.06626999, 0.0007206086, 0.066273905, 0.9977425, -0.010849282, 0, 0.010873187, 0.9999409, 11.41092, 1.3171124, -4.953045)

[node name="CAFETERIAtomato138" parent="." unique_id=1580108369 instance=ExtResource("7_o6yc6")]
transform = Transform3D(0.9978015, -0.06626999, 0.0007206086, 0.066273905, 0.9977425, -0.010849282, 0, 0.010873187, 0.9999409, 11.313035, 1.2686989, -5.1031055)

[node name="CAFETERIAtomato139" parent="." unique_id=660608568 instance=ExtResource("7_o6yc6")]
transform = Transform3D(0.9978015, -0.06626999, 0.0007206086, 0.066273905, 0.9977425, -0.010849282, 0, 0.010873187, 0.9999409, 12.084783, 1.3525159, -4.2414093)

[node name="CAFETERIAtomato140" parent="." unique_id=452405464 instance=ExtResource("7_o6yc6")]
transform = Transform3D(0.9978015, -0.06626999, 0.0007206086, 0.066273905, 0.9977425, -0.010849282, 0, 0.010873187, 0.9999409, 11.9258585, 0.90405214, -3.6941385)

[node name="CAFETERIAtomato141" parent="." unique_id=1111028456 instance=ExtResource("7_o6yc6")]
transform = Transform3D(1, 0, 0, 0, 1, 0, 0, 0, 1, 13.057002, 0.5121497, -1.8421742)

[node name="CAFETERIAtomato142" parent="." unique_id=769551294 instance=ExtResource("7_o6yc6")]
transform = Transform3D(1, 0, 0, 0, 1, 0, 0, 0, 1, 12.9233055, 0.5211773, -1.9960581)

[node name="CAFETERIAtomato143" parent="." unique_id=265040816 instance=ExtResource("7_o6yc6")]
transform = Transform3D(1, 0, 0, 0, 1, 0, 0, 0, 1, 12.677948, 0.52468145, -2.2772083)

[node name="CAFETERIAtomato144" parent="." unique_id=1394479775 instance=ExtResource("7_o6yc6")]
transform = Transform3D(1, 0, 0, 0, 1, 0, 0, 0, 1, 12.800627, 0.5214125, -2.1357107)

[node name="CAFETERIAtomato145" parent="." unique_id=375378849 instance=ExtResource("7_o6yc6")]
transform = Transform3D(1, 0, 0, 0, 1, 0, 0, 0, 1, 12.51597, 0.51350987, -2.4019809)

[node name="CAFETERIAtomato146" parent="." unique_id=979042067 instance=ExtResource("7_o6yc6")]
transform = Transform3D(1, 0, 0, 0, 1, 0, 0, 0, 1, 12.4150915, 0.47006094, -2.5515776)

[node name="CAFETERIAtomato147" parent="." unique_id=1494469298 instance=ExtResource("7_o6yc6")]
transform = Transform3D(1, 0, 0, 0, 1, 0, 0, 0, 1, 12.136916, 0.5260416, -2.8370152)

[node name="CAFETERIAtomato148" parent="." unique_id=1934954511 instance=ExtResource("7_o6yc6")]
transform = Transform3D(1, 0, 0, 0, 1, 0, 0, 0, 1, 12.259595, 0.52277267, -2.6955175)

[node name="CAFETERIAtomato149" parent="." unique_id=737071307 instance=ExtResource("7_o6yc6")]
transform = Transform3D(1, 0, 0, 0, 1, 0, 0, 0, 1, 13.190698, 0.5119145, -1.6902858)

[node name="CAFETERIAtomato150" parent="." unique_id=1424790830 instance=ExtResource("7_o6yc6")]
transform = Transform3D(1, 0, 0, 0, 1, 0, 0, 0, 1, 13.332443, 0.5165458, -1.5372626)

[node name="CAFETERIAtomato151" parent="." unique_id=1787089220 instance=ExtResource("7_o6yc6")]
transform = Transform3D(1, 0, 0, 0, 1, 0, 0, 0, 1, 13.197789, 0.64370716, -1.9547044)

[node name="CAFETERIAtomato152" parent="." unique_id=1332054275 instance=ExtResource("7_o6yc6")]
