[gd_scene format=3 uid="uid://c5tiv4k631g10"]

[ext_resource type="PackedScene" uid="uid://cvndm0knlwvab" path="res://Entities/Rooms/Empty Room.tscn" id="1_x0sfk"]
[ext_resource type="PackedScene" uid="uid://c384qpi6htaus" path="res://Assets/Map/catferia/FBX/CAFETERIAchair.fbx" id="2_nuptb"]
[ext_resource type="PackedScene" uid="uid://cgclsb8hhmvuf" path="res://Assets/Map/catferia/FBX/CAFETERIAshowcasetable.fbx" id="3_222qy"]
[ext_resource type="PackedScene" uid="uid://b3tabqwyl6avx" path="res://Assets/Map/catferia/FBX/CAFETERIAtable.fbx" id="4_4kp0j"]
[ext_resource type="PackedScene" uid="uid://b61gjec4ywi3b" path="res://Assets/Map/catferia/FBX/CAFETERIApingpongtable.fbx" id="5_ijhgw"]
[ext_resource type="PackedScene" uid="uid://dvovdjof7vogn" path="res://Assets/Map/catferia/FBX/CAFETERIAonion.fbx" id="6_j8x7h"]
[ext_resource type="PackedScene" uid="uid://cwm5w7q6canhd" path="res://Assets/Map/catferia/FBX/CAFETERIAtomato.fbx" id="7_o6yc6"]
[ext_resource type="PackedScene" uid="uid://xeibdvimx83q" path="res://Assets/Map/catferia/FBX/CAFETERIAtraycafet.fbx" id="8_61af3"]
[ext_resource type="PackedScene" uid="uid://bl4015v6rr8vp" path="res://Assets/Map/catferia/FBX/CAFETERIAvendingmachine.fbx" id="9_ak1cr"]
[ext_resource type="PackedScene" uid="uid://bgqhekmognnt0" path="res://Assets/Map/catferia/FBX/CAFETERIAshowcasewood.fbx" id="10_melvn"]
[ext_resource type="PackedScene" uid="uid://c6die77hukeng" path="res://Assets/Map/catferia/FBX/CAFETERIAchair_001.fbx" id="11_iw60a"]

[node name="Node3D" type="Node3D" unique_id=848399862]

[node name="Node3D" parent="." unique_id=798644741 instance=ExtResource("1_x0sfk")]

[node name="CAFETERIAchair" parent="." unique_id=814140031 instance=ExtResource("2_nuptb")]
transform = Transform3D(1, 0, 0, 0, 1, 0, 0, 0, 1, 0.41080248, 1, 1.0490965)

[node name="CAFETERIAchair2" parent="." unique_id=1307272626 instance=ExtResource("2_nuptb")]
transform = Transform3D(1, 0, 0, 0, 1, 0, 0, 0, 1, -0.6448165, 1, 1.0752912)

[node name="CAFETERIAchair3" parent="." unique_id=774101293 instance=ExtResource("2_nuptb")]
transform = Transform3D(-1, 0, -8.742278e-08, 0, 1, 0, 8.742278e-08, 0, -1, -0.6448165, 1, -0.84533286)

[node name="CAFETERIAchair4" parent="." unique_id=1996779398 instance=ExtResource("2_nuptb")]
transform = Transform3D(-1, 0, -8.742278e-08, 0, 1, 0, 8.742278e-08, 0, -1, 0.41080248, 1, -0.87152743)

[node name="CAFETERIAshowcasetable" parent="." unique_id=1261328695 instance=ExtResource("3_222qy")]
transform = Transform3D(1, 0, 0, 0, 1, 0, 0, 0, 1, -3.910254, 1.3248177, 6.7536206)

[node name="CAFETERIAshowcasetable2" parent="." unique_id=460792667 instance=ExtResource("3_222qy")]
transform = Transform3D(-4.371139e-08, 0, -1, 0, 1, 0, 1, 0, -4.371139e-08, -12.733089, 1.3248177, 7.096847)

[node name="CAFETERIAtable" parent="." unique_id=1312847477 instance=ExtResource("4_4kp0j")]
transform = Transform3D(1, 0, 0, 0, 1, 0, 0, 0, 1, 0, 1.4209666, 0)

[node name="CAFETERIAtable2" parent="." unique_id=1546567724 instance=ExtResource("4_4kp0j")]
transform = Transform3D(1, 0, 0, 0, 1, 0, 0, 0, 1, 4.9142985, 1.4209666, 0)

[node name="CAFETERIAchair9" parent="." unique_id=1940081765 instance=ExtResource("2_nuptb")]
transform = Transform3D(1, 0, 0, 0, 1, 0, 0, 0, 1, 9.970788, 1, 1.0490965)

[node name="CAFETERIAchair10" parent="." unique_id=855111381 instance=ExtResource("2_nuptb")]
transform = Transform3D(1, 0, 0, 0, 1, 0, 0, 0, 1, 8.915169, 1, 1.0752912)

[node name="CAFETERIAchair11" parent="." unique_id=1428828151 instance=ExtResource("2_nuptb")]
transform = Transform3D(-1, 0, -8.742278e-08, 0, 1, 0, 8.742278e-08, 0, -1, 8.915169, 1, -0.84533286)

[node name="CAFETERIAchair12" parent="." unique_id=121001320 instance=ExtResource("2_nuptb")]
transform = Transform3D(-1, 0, -8.742278e-08, 0, 1, 0, 8.742278e-08, 0, -1, 9.970788, 1, -0.87152743)

[node name="CAFETERIAtable3" parent="." unique_id=711282310 instance=ExtResource("4_4kp0j")]
transform = Transform3D(1, 0, 0, 0, 1, 0, 0, 0, 1, 9.559986, 1.4209666, 0)

[node name="CAFETERIApingpongtable" parent="." unique_id=816761324 instance=ExtResource("5_ijhgw")]
transform = Transform3D(0.8960917, 0, -0.443869, 0, 1, 0, 0.443869, 0, 0.8960917, -9.987, 1.8856807, -4.057)

[node name="CAFETERIAonion" parent="." unique_id=480066659 instance=ExtResource("6_j8x7h")]
transform = Transform3D(1, 0, 0, 0, 1, 0, 0, 0, 1, -7.9051847, 2.5708165, 6.0981812)

[node name="CAFETERIAtomato" parent="." unique_id=651017842 instance=ExtResource("7_o6yc6")]
transform = Transform3D(1, 0, 0, 0, 1, 0, 0, 0, 1, -8.021158, 2.6292198, 6.109846)

[node name="CAFETERIAtomato2" parent="." unique_id=1346867295 instance=ExtResource("7_o6yc6")]
transform = Transform3D(1, 0, 0, 0, 1, 0, 0, 0, 1, 9.744621, 0.5121497, -5.361301)

[node name="CAFETERIAtomato5" parent="." unique_id=285994122 instance=ExtResource("7_o6yc6")]
transform = Transform3D(1, 0, 0, 0, 1, 0, 0, 0, 1, 9.610925, 0.5211773, -5.515185)

[node name="CAFETERIAtomato6" parent="." unique_id=535785291 instance=ExtResource("7_o6yc6")]
transform = Transform3D(1, 0, 0, 0, 1, 0, 0, 0, 1, 9.365567, 0.52468145, -5.796335)

[node name="CAFETERIAtomato7" parent="." unique_id=129792846 instance=ExtResource("7_o6yc6")]
transform = Transform3D(1, 0, 0, 0, 1, 0, 0, 0, 1, 9.488246, 0.5214125, -5.6548376)

[node name="CAFETERIAtomato8" parent="." unique_id=825693195 instance=ExtResource("7_o6yc6")]
transform = Transform3D(1, 0, 0, 0, 1, 0, 0, 0, 1, 9.203589, 0.51350987, -5.921108)

[node name="CAFETERIAtomato11" parent="." unique_id=1805506852 instance=ExtResource("7_o6yc6")]
transform = Transform3D(1, 0, 0, 0, 1, 0, 0, 0, 1, 9.102711, 0.47006094, -6.0707045)

[node name="CAFETERIAtomato9" parent="." unique_id=1348847422 instance=ExtResource("7_o6yc6")]
transform = Transform3D(1, 0, 0, 0, 1, 0, 0, 0, 1, 8.824535, 0.5260416, -6.356142)

[node name="CAFETERIAtomato10" parent="." unique_id=598737772 instance=ExtResource("7_o6yc6")]
transform = Transform3D(1, 0, 0, 0, 1, 0, 0, 0, 1, 8.947214, 0.52277267, -6.2146444)

[node name="CAFETERIAtomato4" parent="." unique_id=1247020837 instance=ExtResource("7_o6yc6")]
transform = Transform3D(1, 0, 0, 0, 1, 0, 0, 0, 1, 9.878317, 0.5119145, -5.2094126)

[node name="CAFETERIAtomato3" parent="." unique_id=121631667 instance=ExtResource("7_o6yc6")]
transform = Transform3D(1, 0, 0, 0, 1, 0, 0, 0, 1, 10.020062, 0.5165458, -5.0563893)

[node name="CAFETERIAtomato12" parent="." unique_id=687236917 instance=ExtResource("7_o6yc6")]
transform = Transform3D(1, 0, 0, 0, 1, 0, 0, 0, 1, 9.885408, 0.64370716, -5.473831)

[node name="CAFETERIAtomato13" parent="." unique_id=1437150669 instance=ExtResource("7_o6yc6")]
transform = Transform3D(1, 0, 0, 0, 1, 0, 0, 0, 1, 9.751712, 0.65273476, -5.627715)

[node name="CAFETERIAtomato14" parent="." unique_id=581871989 instance=ExtResource("7_o6yc6")]
transform = Transform3D(1, 0, 0, 0, 1, 0, 0, 0, 1, 9.506354, 0.6562389, -5.9088655)

[node name="CAFETERIAtomato15" parent="." unique_id=327839714 instance=ExtResource("7_o6yc6")]
transform = Transform3D(1, 0, 0, 0, 1, 0, 0, 0, 1, 9.629033, 0.65296996, -5.767368)

[node name="CAFETERIAtomato16" parent="." unique_id=1257436874 instance=ExtResource("7_o6yc6")]
transform = Transform3D(1, 0, 0, 0, 1, 0, 0, 0, 1, 9.344377, 0.64506733, -6.033638)

[node name="CAFETERIAtomato17" parent="." unique_id=1070160789 instance=ExtResource("7_o6yc6")]
transform = Transform3D(1, 0, 0, 0, 1, 0, 0, 0, 1, 9.243498, 0.6016184, -6.1832347)

[node name="CAFETERIAtomato18" parent="." unique_id=678828332 instance=ExtResource("7_o6yc6")]
transform = Transform3D(1, 0, 0, 0, 1, 0, 0, 0, 1, 8.9653225, 0.6575991, -6.4686723)

[node name="CAFETERIAtomato19" parent="." unique_id=1585347506 instance=ExtResource("7_o6yc6")]
transform = Transform3D(1, 0, 0, 0, 1, 0, 0, 0, 1, 9.088001, 0.65433013, -6.3271747)

[node name="CAFETERIAtomato20" parent="." unique_id=1825160258 instance=ExtResource("7_o6yc6")]
transform = Transform3D(1, 0, 0, 0, 1, 0, 0, 0, 1, 10.019104, 0.64347196, -5.321943)

[node name="CAFETERIAtomato21" parent="." unique_id=343632277 instance=ExtResource("7_o6yc6")]
transform = Transform3D(1, 0, 0, 0, 1, 0, 0, 0, 1, 10.16085, 0.64810324, -5.1689196)

[node name="CAFETERIAtomato22" parent="." unique_id=2095843463 instance=ExtResource("7_o6yc6")]
transform = Transform3D(0.9978015, -0.06626999, 0.0007206086, 0.066273905, 0.9977425, -0.010849282, 0, 0.010873187, 0.9999409, 9.93975, 0.74290764, -5.5964603)

[node name="CAFETERIAtomato23" parent="." unique_id=1319298907 instance=ExtResource("7_o6yc6")]
transform = Transform3D(0.9978015, -0.06626999, 0.0007206086, 0.066273905, 0.9977425, -0.010849282, 0, 0.010873187, 0.9999409, 9.805637, 0.7447238, -5.750237)

[node name="CAFETERIAtomato24" parent="." unique_id=528280380 instance=ExtResource("7_o6yc6")]
transform = Transform3D(0.9978015, -0.06626999, 0.0007206086, 0.066273905, 0.9977425, -0.010849282, 0, 0.010873187, 0.9999409, 9.560385, 0.73500955, -6.0313325)

[node name="CAFETERIAtomato25" parent="." unique_id=783714513 instance=ExtResource("7_o6yc6")]
transform = Transform3D(0.9978015, -0.06626999, 0.0007206086, 0.066273905, 0.9977425, -0.010849282, 0, 0.010873187, 0.9999409, 9.683112, 0.73834324, -5.8898787)

[node name="CAFETERIAtomato26" parent="." unique_id=374951681 instance=ExtResource("7_o6yc6")]
transform = Transform3D(0.9978015, -0.06626999, 0.0007206086, 0.066273905, 0.9977425, -0.010849282, 0, 0.010873187, 0.9999409, 9.399413, 0.71448195, -6.156219)

[node name="CAFETERIAtomato27" parent="." unique_id=647281887 instance=ExtResource("7_o6yc6")]
transform = Transform3D(0.9978015, -0.06626999, 0.0007206086, 0.066273905, 0.9977425, -0.010849282, 0, 0.010873187, 0.9999409, 9.301528, 0.66606855, -6.306279)

[node name="CAFETERIAtomato28" parent="." unique_id=1748044166 instance=ExtResource("7_o6yc6")]
transform = Transform3D(0.9978015, -0.06626999, 0.0007206086, 0.066273905, 0.9977425, -0.010849282, 0, 0.010873187, 0.9999409, 9.020049, 0.70658386, -6.5910916)

[node name="CAFETERIAtomato29" parent="." unique_id=809898893 instance=ExtResource("7_o6yc6")]
transform = Transform3D(0.9978015, -0.06626999, 0.0007206086, 0.066273905, 0.9977425, -0.010849282, 0, 0.010873187, 0.9999409, 9.1427765, 0.70991755, -6.449638)

[node name="CAFETERIAtomato30" parent="." unique_id=425742945 instance=ExtResource("7_o6yc6")]
transform = Transform3D(0.9978015, -0.06626999, 0.0007206086, 0.066273905, 0.9977425, -0.010849282, 0, 0.010873187, 0.9999409, 10.073276, 0.7498857, -5.4445834)

[node name="CAFETERIAtomato31" parent="." unique_id=260288438 instance=ExtResource("7_o6yc6")]
transform = Transform3D(0.9978015, -0.06626999, 0.0007206086, 0.066273905, 0.9977425, -0.010849282, 0, 0.010873187, 0.9999409, 10.214513, 0.76224035, -5.2915187)

[node name="CAFETERIAtomato32" parent="." unique_id=186076540 instance=ExtResource("7_o6yc6")]
transform = Transform3D(0.9978015, -0.06626999, 0.0007206086, 0.066273905, 0.9977425, -0.010849282, 0, 0.010873187, 0.9999409, 10.071427, 0.8847195, -5.7075534)

[node name="CAFETERIAtomato33" parent="." unique_id=1911867621 instance=ExtResource("7_o6yc6")]
transform = Transform3D(0.9978015, -0.06626999, 0.0007206086, 0.066273905, 0.9977425, -0.010849282, 0, 0.010873187, 0.9999409, 9.937316, 0.8865357, -5.86133)

[node name="CAFETERIAtomato34" parent="." unique_id=365255349 instance=ExtResource("7_o6yc6")]
transform = Transform3D(0.9978015, -0.06626999, 0.0007206086, 0.066273905, 0.9977425, -0.010849282, 0, 0.010873187, 0.9999409, 9.692062, 0.8768214, -6.1424255)

[node name="CAFETERIAtomato35" parent="." unique_id=1855373007 instance=ExtResource("7_o6yc6")]
transform = Transform3D(0.9978015, -0.06626999, 0.0007206086, 0.066273905, 0.9977425, -0.010849282, 0, 0.010873187, 0.9999409, 9.814791, 0.8801551, -6.000972)

[node name="CAFETERIAtomato36" parent="." unique_id=1318808016 instance=ExtResource("7_o6yc6")]
transform = Transform3D(0.9978015, -0.06626999, 0.0007206086, 0.066273905, 0.9977425, -0.010849282, 0, 0.010873187, 0.9999409, 9.531092, 0.85629386, -6.267312)

[node name="CAFETERIAtomato37" parent="." unique_id=1286778753 instance=ExtResource("7_o6yc6")]
transform = Transform3D(0.9978015, -0.06626999, 0.0007206086, 0.066273905, 0.9977425, -0.010849282, 0, 0.010873187, 0.9999409, 9.433207, 0.80788034, -6.4173727)

[node name="CAFETERIAtomato38" parent="." unique_id=603438729 instance=ExtResource("7_o6yc6")]
transform = Transform3D(0.9978015, -0.06626999, 0.0007206086, 0.066273905, 0.9977425, -0.010849282, 0, 0.010873187, 0.9999409, 9.221781, 0.79722595, -6.556354)

[node name="CAFETERIAtomato39" parent="." unique_id=1021166853 instance=ExtResource("7_o6yc6")]
transform = Transform3D(0.9978015, -0.06626999, 0.0007206086, 0.066273905, 0.9977425, -0.010849282, 0, 0.010873187, 0.9999409, 10.204954, 0.89169747, -5.5556765)

[node name="CAFETERIAtomato41" parent="." unique_id=1997250648 instance=ExtResource("7_o6yc6")]
transform = Transform3D(1, 0, 0, 0, 1, 0, 0, 0, 1, 9.144138, 0.7575038, -6.7222414)

[node name="CAFETERIAtomato42" parent="." unique_id=2120479452 instance=ExtResource("7_o6yc6")]
transform = Transform3D(1, 0, 0, 0, 1, 0, 0, 0, 1, 10.4531975, 0.9675924, -5.483002)

[node name="CAFETERIAtomato43" parent="." unique_id=271985987 instance=ExtResource("7_o6yc6")]
transform = Transform3D(1, 0, 0, 0, 1, 0, 0, 0, 1, 9.665729, 0.9855, -6.1905413)

[node name="CAFETERIAtomato44" parent="." unique_id=823958945 instance=ExtResource("7_o6yc6")]
transform = Transform3D(1, 0, 0, 0, 1, 0, 0, 0, 1, 9.788407, 0.982231, -6.0490437)

[node name="CAFETERIAtomato45" parent="." unique_id=44716141 instance=ExtResource("7_o6yc6")]
transform = Transform3D(1, 0, 0, 0, 1, 0, 0, 0, 1, 9.503751, 0.9743284, -6.315314)

[node name="CAFETERIAtomato46" parent="." unique_id=1063269759 instance=ExtResource("7_o6yc6")]
transform = Transform3D(1, 0, 0, 0, 1, 0, 0, 0, 1, 9.340751, 0.8661195, -6.513016)

[node name="CAFETERIAtomato47" parent="." unique_id=1466413872 instance=ExtResource("7_o6yc6")]
transform = Transform3D(0.86889946, -0.49498862, 0, 0.49498862, 0.86889946, 0, 0, 0, 1, 9.763904, 1.1431645, -6.291191)

[node name="CAFETERIAtomato48" parent="." unique_id=1750498353 instance=ExtResource("7_o6yc6")]
transform = Transform3D(0.86889946, -0.49498862, 0, 0.49498862, 0.86889946, 0, 0, 0, 1, 9.643267, 1.0848303, -6.445075)

[node name="CAFETERIAtomato49" parent="." unique_id=1323954730 instance=ExtResource("7_o6yc6")]
transform = Transform3D(0.86889946, -0.49498862, 0, 0.49498862, 0.86889946, 0, 0, 0, 1, 9.359498, 0.89987874, -6.662455)

[node name="CAFETERIAtomato50" parent="." unique_id=543455464 instance=ExtResource("7_o6yc6")]
transform = Transform3D(0.86889946, -0.49498862, 0, 0.49498862, 0.86889946, 0, 0, 0, 1, 9.445446, 0.93485516, -6.5810723)

[node name="CAFETERIAtomato51" parent="." unique_id=1586187895 instance=ExtResource("7_o6yc6")]
transform = Transform3D(1, 0, 0, 0, 1, 0, 0, 0, 1, 9.644538, 1.1058859, -6.427844)

[node name="CAFETERIAtomato52" parent="." unique_id=1052106041 instance=ExtResource("7_o6yc6")]
transform = Transform3D(1, 0, 0, 0, 1, 0, 0, 0, 1, 9.425525, 0.92056525, -6.4546614)

[node name="CAFETERIAtomato53" parent="." unique_id=1389344125 instance=ExtResource("7_o6yc6")]
transform = Transform3D(1, 0, 0, 0, 1, 0, 0, 0, 1, 10.319265, 1.1042905, -5.716149)

[node name="CAFETERIAtomato54" parent="." unique_id=1829453694 instance=ExtResource("7_o6yc6")]
transform = Transform3D(0.9978015, -0.06626999, 0.0007206086, 0.066273905, 0.9977425, -0.010849282, 0, 0.010873187, 0.9999409, 10.239911, 1.2037262, -5.9906664)

[node name="CAFETERIAtomato55" parent="." unique_id=1688980803 instance=ExtResource("7_o6yc6")]
transform = Transform3D(0.9978015, -0.06626999, 0.0007206086, 0.066273905, 0.9977425, -0.010849282, 0, 0.010873187, 0.9999409, 10.105799, 1.2055423, -6.144443)

[node name="CAFETERIAtomato56" parent="." unique_id=1773109071 instance=ExtResource("7_o6yc6")]
transform = Transform3D(0.8074317, -0.5610638, -0.18237662, 0.5296566, 0.8255459, -0.19477601, 0.25984207, 0.06067136, 0.9637431, 9.233988, 0.8655395, -6.691043)

[node name="CAFETERIAtomato57" parent="." unique_id=963081231 instance=ExtResource("7_o6yc6")]
transform = Transform3D(0.9978015, -0.06626999, 0.0007206086, 0.066273905, 0.9977425, -0.010849282, 0, 0.010873187, 0.9999409, 9.9832735, 1.1991618, -6.284085)

[node name="CAFETERIAtomato58" parent="." unique_id=91907247 instance=ExtResource("7_o6yc6")]
transform = Transform3D(0.83418435, -0.5514531, 0.005996408, 0.5514858, 0.834135, -0.009070243, 0, 0.010873187, 0.9999409, 9.30659, 0.9640985, -6.973579)

[node name="CAFETERIAtomato59" parent="." unique_id=784089850 instance=ExtResource("7_o6yc6")]
transform = Transform3D(0.9978015, -0.06626999, 0.0007206086, 0.066273905, 0.9977425, -0.010849282, 0, 0.010873187, 0.9999409, 9.090655, 0.91661155, -6.6683187)

[node name="CAFETERIAtomato60" parent="." unique_id=65127391 instance=ExtResource("7_o6yc6")]
transform = Transform3D(0.9978015, -0.06626999, 0.0007206086, 0.066273905, 0.9977425, -0.010849282, 0, 0.010873187, 0.9999409, 10.373437, 1.2107042, -5.8387895)

[node name="CAFETERIAtomato61" parent="." unique_id=1540237561 instance=ExtResource("7_o6yc6")]
transform = Transform3D(0.9978015, -0.06626999, 0.0007206086, 0.066273905, 0.9977425, -0.010849282, 0, 0.010873187, 0.9999409, 10.514674, 1.2230589, -5.6857247)

[node name="CAFETERIAtomato62" parent="." unique_id=1437976178 instance=ExtResource("7_o6yc6")]
transform = Transform3D(0.9978015, -0.06626999, 0.0007206086, 0.066273905, 0.9977425, -0.010849282, 0, 0.010873187, 0.9999409, 10.371589, 1.345538, -6.1017594)

[node name="CAFETERIAtomato63" parent="." unique_id=137218587 instance=ExtResource("7_o6yc6")]
transform = Transform3D(0.9978015, -0.06626999, 0.0007206086, 0.066273905, 0.9977425, -0.010849282, 0, 0.010873187, 0.9999409, 10.237477, 1.3473542, -6.255536)

[node name="CAFETERIAtomato64" parent="." unique_id=1803939919 instance=ExtResource("7_o6yc6")]
transform = Transform3D(0.9978015, -0.06626999, 0.0007206086, 0.066273905, 0.9977425, -0.010849282, 0, 0.010873187, 0.9999409, 9.992224, 1.3376399, -6.5366316)

[node name="CAFETERIAtomato65" parent="." unique_id=392119544 instance=ExtResource("7_o6yc6")]
transform = Transform3D(0.9978015, -0.06626999, 0.0007206086, 0.066273905, 0.9977425, -0.010849282, 0, 0.010873187, 0.9999409, 10.114952, 1.3409736, -6.395178)

[node name="CAFETERIAtomato66" parent="." unique_id=1069817699 instance=ExtResource("7_o6yc6")]
transform = Transform3D(0.9978015, -0.06626999, 0.0007206086, 0.066273905, 0.9977425, -0.010849282, 0, 0.010873187, 0.9999409, 9.831253, 1.3171124, -6.661518)

[node name="CAFETERIAtomato67" parent="." unique_id=650123758 instance=ExtResource("7_o6yc6")]
transform = Transform3D(0.9978015, -0.06626999, 0.0007206086, 0.066273905, 0.9977425, -0.010849282, 0, 0.010873187, 0.9999409, 9.733368, 1.2686989, -6.8115788)

[node name="CAFETERIAtomato68" parent="." unique_id=296716467 instance=ExtResource("7_o6yc6")]
transform = Transform3D(0.9978015, -0.06626999, 0.0007206086, 0.066273905, 0.9977425, -0.010849282, 0, 0.010873187, 0.9999409, 10.5051155, 1.3525159, -5.9498825)

[node name="CAFETERIAtomato40" parent="." unique_id=1167999607 instance=ExtResource("7_o6yc6")]
transform = Transform3D(0.9978015, -0.06626999, 0.0007206086, 0.066273905, 0.9977425, -0.010849282, 0, 0.010873187, 0.9999409, 10.346191, 0.90405214, -5.4026117)

[node name="CAFETERIAtraycafet" parent="." unique_id=203606988 instance=ExtResource("8_61af3")]
transform = Transform3D(0.8759617, 0, 0.48238063, 0, 1, 0, -0.48238063, 0, 0.8759617, -4.902502, 2.5915108, 6.4512177)

[node name="CAFETERIAtraycafet2" parent="." unique_id=522610395 instance=ExtResource("8_61af3")]
transform = Transform3D(0.1201542, 0, -0.99275523, 0, 1, 0, 0.99275523, 0, 0.1201542, -3.646122, 2.5915108, 6.4512177)

[node name="CAFETERIAtraycafet3" parent="." unique_id=2133113789 instance=ExtResource("8_61af3")]
transform = Transform3D(-0.99999976, 0, -0.0005585253, 0, 1, 0, 0.0005585253, 0, -0.99999976, -0.6515533, 1.5558565, 0.09016478)

[node name="CAFETERIAvendingmachine" parent="." unique_id=1781449500 instance=ExtResource("9_ak1cr")]
transform = Transform3D(0.65, 0, 0, 0, 0.65, 0, 0, 0, 0.65, 13.26772, 2.1389313, 7.095155)

[node name="CAFETERIAvendingmachine2" parent="." unique_id=1214252419 instance=ExtResource("9_ak1cr")]
transform = Transform3D(0.65, 0, 0, 0, 0.65, 0, 0, 0, 0.65, 11.62051, 2.1389313, 7.095155)

[node name="CAFETERIAvendingmachine3" parent="." unique_id=655418674 instance=ExtResource("9_ak1cr")]
transform = Transform3D(0.65, 0, 0, 0, 0.65, 0, 0, 0, 0.65, 9.980761, 2.1389313, 7.095155)

[node name="CAFETERIAshowcasewood" parent="." unique_id=599300640 instance=ExtResource("10_melvn")]
transform = Transform3D(-0.6959755, 0, 0.7180655, 0, 1, 0, -0.7180655, 0, -0.6959755, 11.8968525, 1.5315971, -4.8312244)

[node name="CAFETERIAchair_001" parent="." unique_id=993662356 instance=ExtResource("11_iw60a")]
transform = Transform3D(1, 0, 0, 0, 1, 0, 0, 0, 1, 4.2262154, 1.1057565, 1.091522)

[node name="CAFETERIAchair_002" parent="." unique_id=1333997161 instance=ExtResource("11_iw60a")]
transform = Transform3D(1, 0, 0, 0, 1, 0, 0, 0, 1, 5.324253, 1.1057565, 1.091522)

[node name="CAFETERIAchair_003" parent="." unique_id=345426066 instance=ExtResource("11_iw60a")]
transform = Transform3D(-1, 0, -8.742278e-08, 0, 1, 0, 8.742278e-08, 0, -1, 5.324253, 1.1057565, -0.8102739)

[node name="CAFETERIAchair_004" parent="." unique_id=2104784170 instance=ExtResource("11_iw60a")]
transform = Transform3D(-1, 0, -8.742278e-08, 0, 1, 0, 8.742278e-08, 0, -1, 4.2262154, 1.1057565, -0.8102739)
